$ANSIBLE_VAULT;1.1;AES256
66623461666266643465306235633039663931393963323662616332313237363531623861633834
3566363835356632366232343635646235623362613538360a323663393338643531346163303665
34333362663539653531316333653639363963303433633037386139336163363439376230346439
3535613437343066610a396539633639306563343135626563336366303632343737663838393433
39383961643863333662613636633936613066633439323135653965343630363535333232653139
62653261353364363939616664633631363365316239623834366464663664636263613434323261
35373761646336626534346332313639373664636561373835373130613734636236643365633636
64333266323862333861633032666164666632633166623337336533663430663531666533303366
66663633393531633930376639363966343162393036633838616133646437643932326130313932
63353963353734373565383733353135666261313664306130633535666534316337353065613963
65313032626537323631383066656234396166303131316664636530316261393030356330663261
61633661396430383432616261363137373563383736333733303161313236313466326339343138
3331
